273.0	3.46758682715975
274.4	4.166062152993871
275.8	4.995947913444033
277.2	5.980204093110253
278.6	7.145489648548734
280.0	8.522706979674595
281.4	10.147618717584251
282.8	12.061545335516378
284.2	14.31215294684127
285.6	16.95434157919992
287.0	20.05124520997704
288.4	23.675355917550167
289.8	27.90978564692944
291.2	32.84968030844961
292.6	38.603802223939105
294.0	45.296298304711705
295.4	53.068672786449085
296.8	62.081984851824025
298.2	72.51929303395076
299.6	84.58836990004015
301.0	98.5247121479843
302.4	114.59487288627848
303.8	133.10014447968496
305.2	154.38062189078877
306.6	178.81967788148745
308.0	206.84888269588126
309.4	238.95340184836442
310.8	275.6779062898672
312.2	317.6330293997136
313.6	365.50240480124404
315.0	420.05031774283134
316.4	482.13000049988403
317.8	552.6925986677726
319.2	632.7968300050153
320.6	723.619350261149
322.0	826.4658307186197
323.4	942.782739442891
324.8	1074.1698018185102
326.2	1222.3930950924496
327.6	1389.398705464227
329.0	1577.3268437376582
330.4	1788.5262755177218
331.8	2025.5688730849238
333.2	2291.2640369434907
334.6	2588.6726640139927
336.0	2921.1202547953208
337.4	3292.208651750689
338.8	3705.8257838434533
340.2	4166.152655817829
341.6	4677.666663946449
343.0	5245.140141428379
344.4	5873.6328359695735
345.8	6568.476799870306
347.2	7335.251931240522
348.6	8179.750147843772
350.0	9107.925909410313
351.4	10125.830540563338
352.8	11239.527559957407
354.2	12454.986012906107
355.6	13777.948662930043
357.0	15213.771859129789
358.4	16767.234007853574
359.8	18442.309896599443
361.2	20241.908714982575
362.6	22167.574572920526
364.0	24219.149720899353
365.4	26394.402628647847
366.8	28688.625674223433
368.2	31094.210522974092
369.6	33600.21339810999
371.0	36191.92738001117
372.4	38850.48456725085
373.8	41552.517232601276
375.2	44269.91371518549
376.6	46969.71122830206
378.0	49614.173336695494
379.4	52161.10362935926
380.8	54564.44789908017
382.2	56775.233538778026
383.6	58742.885352159275
385.0	60416.94006223936
386.4	61749.15627869247
387.8	62695.98196940639
389.2	63221.298029367324
390.6	63299.30630248749
392.0	62917.377248757606
393.4	62078.622380472014
394.8	60803.91773677324
396.2	59133.08670097388
397.6	57124.9634572465
399.0	54856.110955521246
400.4	52418.06419453127
401.8	49913.10929803273
403.2	47448.780969908104
404.6	45131.44556691297
406.0	43059.50576329291
407.4	41316.88231021054
408.8	39967.466984028004
410.2	39051.17644094601
411.6	38582.0650202809
413.0	38548.694190233
414.4	38916.648849334815
415.8	39632.793729742014
417.2	40630.637468457884
418.6	41836.065358381966
420.0	43172.735089770664
421.4	44566.589465210185
422.8	45949.181671813305
424.2	47259.76995732253
425.6	48446.358077427045
427.0	49465.99260191092
428.4	50284.663440407196
429.8	50877.1032042287
431.2	51226.67647388908
432.6	51325.42928824485
434.0	51174.263341915204
435.4	50783.12670991589
436.8	50171.07846720839
438.2	49366.08411772314
439.6	48404.423911899845
441.0	47329.638288076516
442.4	46190.98671110089
443.8	45041.45245619431
445.2	43935.38133367739
446.6	42925.891706527575
448.0	42062.23080156965
449.4	41387.27284713458
450.8	40935.35382588242
452.2	40730.613856712465
453.6	40785.97294262392
455.0	41102.80413603041
456.4	41671.298247327424
457.8	42471.44604372824
459.2	43474.50746283545
460.6	44644.80078488241
462.0	45941.632511978554
463.4	47321.20102018347
464.8	48738.3397055892
466.2	50148.010925597584
467.6	51506.5116155595
469.0	52772.39652185423
470.4	53907.159053116484
471.8	54875.72933072277
473.2	55646.85380243863
474.6	56193.41307590563
476.0	56492.718376285295
477.4	56526.8067227509
478.8	56282.73465789998
480.2	55752.85328730379
481.6	54935.03543125589
483.0	53832.81966464092
484.4	52455.43583551011
485.8	50817.681608545616
487.2	48939.628614621586
488.6	46846.14865899069
490.0	44566.26383666052
491.4	42132.33801540713
492.8	39579.13972569714
494.2	36942.81691704647
495.6	34259.831375128706
497.0	31565.90419463959
498.4	28895.023267895078
499.8	26278.559363652934
501.2	23744.529504548696
502.6	21317.03580892788
504.0	19015.895787751066
505.4	16856.467438447355
506.8	14849.660491294599
508.2	13002.114825721103
509.6	11316.519118345434
511.0	9792.037635412711
512.4	8424.810838809277
513.8	7208.495940863321
515.2	6134.816289548682
516.6	5194.092912771301
518.0	4375.737055362863
519.4	3668.688479280998
520.8	3061.7901198845034
522.2	2544.094972794299
523.6	2105.1055386655994
525.0	1734.949625299039
526.4	1424.4987653687729
527.8	1165.4370145134674
529.2	950.2885734728645
530.6	772.4126896874748
532.0	625.9738097802853
533.4	505.89413857327423
534.8	407.79475678675584
536.2	327.93037566662076
537.6	263.12175103390433
539.0	210.68880272693863
540.4	168.38662516856522
541.8	134.34584843289252
543.2	107.0182196493931
544.6	85.12781465457564
546.0	67.62794598377808
547.4	53.663588881633494
548.8	42.53898437250099
550.2	33.689980593277134
551.6	26.660625187100727
553.0	21.083509341030457
554.4	16.66337705563427
555.8	13.16354270385724
557.2	10.39469912345561
558.6	8.205742378872484
560.0	6.476284349543405
561.4	5.110568027104411
562.8	4.032541298167238
564.2	3.1818821821421674
565.6	2.5108015951567935
567.0	1.981478664065709
568.4	1.5640085795967869
569.8	1.2347642479304213
571.2	0.9750909387577935
572.6	0.7702681250532766
574.0	0.6086851528997
575.4	0.48118763540107307
576.8	0.3805598683782933
578.2	0.3011154162748072
579.6	0.23837357607764093
581.0	0.18880392029465626
582.4	0.1496247385464026
583.8	0.11864410210602395
585.2	0.0941346009057827
586.6	0.07473465905684795
588.0	0.05937081392409392
589.4	0.0471965196771375
590.8	0.03754396946912309
592.2	0.029886169888947777
593.6	0.02380708650251558
595.0	0.01897814179132027
596.4	0.015139711946666237
597.8	0.012086557011335214
599.2	0.009656345887320053
