0 167
1.4 147
2.8 163
4.2 153
5.6 154
7 138
8.4 157
9.8 156
11.2 179
12.6 174
14 144
15.4 155
16.8 166
18.2 169
19.6 188
21 148
22.4 159
23.8 163
25.2 170
26.6 157
28 169
29.4 158
30.8 167
32.2 186
33.6 205
35 218
36.4 257
37.8 279
39.2 332
40.6 324
42 367
43.4 433
44.8 463
46.2 512
47.6 545
49 639
50.4 743
51.8 759
53.2 905
54.6 987
56 1052
57.4 1257
58.8 1384
60.2 1579
61.6 1768
63 1980
64.4 2166
65.8 2533
67.2 2932
68.6 3258
70 3767
71.4 4247
72.8 4833
74.2 5456
75.6 6423
77 7290
78.4 8149
79.8 9258
81.2 10710
82.6 12111
84 13606
85.4 15318
86.8 17199
88.2 19067
89.6 21141
91 23410
92.4 26073
93.8 28116
95.2 31159
96.6 33610
98 36681
99.4 39123
100.8 41824
102.2 44411
103.6 47365
105 49557
106.4 52770
107.8 54587
109.2 56660
110.6 58375
112 59860
113.4 60850
114.8 61232
116.2 62270
117.6 62131
119 62370
120.4 61937
121.8 60914
123.2 59423
124.6 57582
126 56203
127.4 54043
128.8 51606
130.2 49417
131.6 47696
133 45433
134.4 43264
135.8 41385
137.2 39681
138.6 38467
140 38097
141.4 37856
142.8 37620
144.2 38219
145.6 39668
147 40251
148.4 41996
149.8 42995
151.2 44433
152.6 45785
154 46639
155.4 48043
156.8 49510
158.2 50004
159.6 50152
161 50697
162.4 50452
163.8 50450
165.2 49493
166.6 49124
168 47844
169.4 46861
170.8 45815
172.2 44627
173.6 43806
175 42682
176.4 41876
177.8 41216
179.2 41349
180.6 40683
182 41134
183.4 42339
184.8 42719
186.2 43944
187.6 45346
189 46905
190.4 48086
191.8 50186
193.2 51785
194.6 53036
196 54526
197.4 55557
198.8 55884
200.2 56164
201.6 56815
203 56357
204.4 55952
205.8 55523
207.2 54468
208.6 53286
210 51883
211.4 49973
212.8 48617
214.2 47072
215.6 44715
217 42395
218.4 40422
219.8 37563
221.2 34929
222.6 32373
224 29447
225.4 27265
226.8 24009
228.2 21493
229.6 19099
231 17059
232.4 14858
233.8 13039
235.2 11136
236.6 10053
238 8836
239.4 7704
240.8 6758
242.2 5883
243.6 5111
245 4445
246.4 3911
247.8 3418
249.2 3001
250.6 2446
252 2300
253.4 1929
254.8 1706
256.2 1422
257.6 1274
259 1170
260.4 985
261.8 943
263.2 790
264.6 698
266 612
267.4 602
268.8 509
270.2 479
271.6 438
273 395
274.4 354
275.8 304
277.2 247
278.6 266
280 218
281.4 205
282.8 152
284.2 151
285.6 178
287 140
288.4 134
289.8 133
291.2 99
292.6 98
294 92
295.4 90
296.8 107
298.2 102
299.6 79
301 69
302.4 92
303.8 126
305.2 82
306.6 66
308 71
309.4 96
310.8 97
312.2 104
313.6 82
315 93
316.4 98
317.8 123
319.2 112
320.6 120
322 118
323.4 166
324.8 154
326.2 132
327.6 160
329 159
330.4 175
331.8 163
333.2 180
334.6 201
336 216
337.4 206
338.8 244
340.2 256
341.6 276
343 298
344.4 276
345.8 291
347.2 336
348.6 353
